# TRACKC++ version(Oct  3 2014 09:25:59)
# Accelerator Physics Group - LNLS
# Campinas BRAZIL
# contact: xresende@gmail.com
# [dynap_ma]
# ebeam_energy[eV]  : 3000000000.000000
# harmonic_number   : 864
# cavity_state      : on
# radiation_state   : on
# chamber_state     : on

# s_e l_t   l_e   l_p   start_s[m]               rx[m]                    ry[m]                    de                       px[rad]                  py[rad]                  dl[m]                   
# --- ----- ----- ----- ------------------------ ------------------------ ------------------------ ------------------------ ------------------------ ------------------------ ------------------------
1     2000  1     0     +0.00000000000000000E+00 +0.00000000000000000E+00 +3.00000000000000008E-05 -5.00000000000000028E-02 +0.00000000000000000E+00 +0.00000000000000000E+00 +0.00000000000000000E+00
1     2000  1     0     +0.00000000000000000E+00 +0.00000000000000000E+00 +3.00000000000000008E-05 +5.00000000000000028E-02 +0.00000000000000000E+00 +0.00000000000000000E+00 +0.00000000000000000E+00
21    2000  21    0     +4.75785000000000036E+00 +0.00000000000000000E+00 +3.00000000000000008E-05 -5.00000000000000028E-02 +0.00000000000000000E+00 +0.00000000000000000E+00 +0.00000000000000000E+00
21    2000  21    0     +4.75785000000000036E+00 +0.00000000000000000E+00 +3.00000000000000008E-05 +5.00000000000000028E-02 +0.00000000000000000E+00 +0.00000000000000000E+00 +0.00000000000000000E+00
25    2000  25    0     +5.10285000000000100E+00 +0.00000000000000000E+00 +3.00000000000000008E-05 -5.00000000000000028E-02 +0.00000000000000000E+00 +0.00000000000000000E+00 +0.00000000000000000E+00
25    2000  25    0     +5.10285000000000100E+00 +0.00000000000000000E+00 +3.00000000000000008E-05 +5.00000000000000028E-02 +0.00000000000000000E+00 +0.00000000000000000E+00 +0.00000000000000000E+00
27    2000  27    0     +5.51689000000000096E+00 +0.00000000000000000E+00 +3.00000000000000008E-05 -4.75000000000000006E-02 +0.00000000000000000E+00 +0.00000000000000000E+00 +0.00000000000000000E+00
27    2000  27    0     +5.51689000000000096E+00 +0.00000000000000000E+00 +3.00000000000000008E-05 +3.50000000000000033E-02 +0.00000000000000000E+00 +0.00000000000000000E+00 +0.00000000000000000E+00
37    2000  37    0     +6.84093000000000107E+00 +0.00000000000000000E+00 +3.00000000000000008E-05 -4.00000000000000008E-02 +0.00000000000000000E+00 +0.00000000000000000E+00 +0.00000000000000000E+00
37    2000  37    0     +6.84093000000000107E+00 +0.00000000000000000E+00 +3.00000000000000008E-05 +3.20000000000000007E-02 +0.00000000000000000E+00 +0.00000000000000000E+00 +0.00000000000000000E+00
43    2000  43    0     +7.67093000000000202E+00 +0.00000000000000000E+00 +3.00000000000000008E-05 -4.00000000000000008E-02 +0.00000000000000000E+00 +0.00000000000000000E+00 +0.00000000000000000E+00
43    2000  43    0     +7.67093000000000202E+00 +0.00000000000000000E+00 +3.00000000000000008E-05 +3.25000000000000011E-02 +0.00000000000000000E+00 +0.00000000000000000E+00 +0.00000000000000000E+00
54    2000  54    0     +8.56093000000000259E+00 +0.00000000000000000E+00 +3.00000000000000008E-05 -3.50000000000000033E-02 +0.00000000000000000E+00 +0.00000000000000000E+00 +0.00000000000000000E+00
54    2000  54    0     +8.56093000000000259E+00 +0.00000000000000000E+00 +3.00000000000000008E-05 +2.99999999999999989E-02 +0.00000000000000000E+00 +0.00000000000000000E+00 +0.00000000000000000E+00
56    2000  56    0     +9.17506100000000302E+00 +0.00000000000000000E+00 +3.00000000000000008E-05 -4.00000000000000008E-02 +0.00000000000000000E+00 +0.00000000000000000E+00 +0.00000000000000000E+00
56    2000  56    0     +9.17506100000000302E+00 +0.00000000000000000E+00 +3.00000000000000008E-05 +3.20000000000000007E-02 +0.00000000000000000E+00 +0.00000000000000000E+00 +0.00000000000000000E+00
65    2000  65    0     +1.05491920000000068E+01 +0.00000000000000000E+00 +3.00000000000000008E-05 -4.00000000000000008E-02 +0.00000000000000000E+00 +0.00000000000000000E+00 +0.00000000000000000E+00
65    2000  65    0     +1.05491920000000068E+01 +0.00000000000000000E+00 +3.00000000000000008E-05 +4.00000000000000008E-02 +0.00000000000000000E+00 +0.00000000000000000E+00 +0.00000000000000000E+00
71    2000  71    0     +1.13791920000000051E+01 +0.00000000000000000E+00 +3.00000000000000008E-05 -5.00000000000000028E-02 +0.00000000000000000E+00 +0.00000000000000000E+00 +0.00000000000000000E+00
71    2000  71    0     +1.13791920000000051E+01 +0.00000000000000000E+00 +3.00000000000000008E-05 +3.79999999999999991E-02 +0.00000000000000000E+00 +0.00000000000000000E+00 +0.00000000000000000E+00
80    2000  80    0     +1.23391920000000042E+01 +0.00000000000000000E+00 +3.00000000000000008E-05 -5.00000000000000028E-02 +0.00000000000000000E+00 +0.00000000000000000E+00 +0.00000000000000000E+00
80    2000  80    0     +1.23391920000000042E+01 +0.00000000000000000E+00 +3.00000000000000008E-05 +3.50000000000000033E-02 +0.00000000000000000E+00 +0.00000000000000000E+00 +0.00000000000000000E+00
82    2000  82    0     +1.25531975000000049E+01 +0.00000000000000000E+00 +3.00000000000000008E-05 -4.75000000000000006E-02 +0.00000000000000000E+00 +0.00000000000000000E+00 +0.00000000000000000E+00
82    2000  82    0     +1.25531975000000049E+01 +0.00000000000000000E+00 +3.00000000000000008E-05 +5.00000000000000028E-02 +0.00000000000000000E+00 +0.00000000000000000E+00 +0.00000000000000000E+00
84    2000  84    0     +1.28972030000000064E+01 +0.00000000000000000E+00 +3.00000000000000008E-05 -5.00000000000000028E-02 +0.00000000000000000E+00 +0.00000000000000000E+00 +0.00000000000000000E+00
84    2000  84    0     +1.28972030000000064E+01 +0.00000000000000000E+00 +3.00000000000000008E-05 +5.00000000000000028E-02 +0.00000000000000000E+00 +0.00000000000000000E+00 +0.00000000000000000E+00
86    2000  86    0     +1.29599000000000064E+01 +0.00000000000000000E+00 +3.00000000000000008E-05 -5.00000000000000028E-02 +0.00000000000000000E+00 +0.00000000000000000E+00 +0.00000000000000000E+00
86    2000  86    0     +1.29599000000000064E+01 +0.00000000000000000E+00 +3.00000000000000008E-05 +4.75000000000000006E-02 +0.00000000000000000E+00 +0.00000000000000000E+00 +0.00000000000000000E+00
88    2000  88    0     +1.31525970000000072E+01 +0.00000000000000000E+00 +3.00000000000000008E-05 -5.00000000000000028E-02 +0.00000000000000000E+00 +0.00000000000000000E+00 +0.00000000000000000E+00
88    2000  88    0     +1.31525970000000072E+01 +0.00000000000000000E+00 +3.00000000000000008E-05 +4.00000000000000008E-02 +0.00000000000000000E+00 +0.00000000000000000E+00 +0.00000000000000000E+00
90    2000  90    0     +1.33666025000000079E+01 +0.00000000000000000E+00 +3.00000000000000008E-05 -4.59999999999999992E-02 +0.00000000000000000E+00 +0.00000000000000000E+00 +0.00000000000000000E+00
90    2000  90    0     +1.33666025000000079E+01 +0.00000000000000000E+00 +3.00000000000000008E-05 +4.19999999999999957E-02 +0.00000000000000000E+00 +0.00000000000000000E+00 +0.00000000000000000E+00
96    2000  96    0     +1.42906080000000077E+01 +0.00000000000000000E+00 +3.00000000000000008E-05 -3.79999999999999991E-02 +0.00000000000000000E+00 +0.00000000000000000E+00 +0.00000000000000000E+00
96    2000  96    0     +1.42906080000000077E+01 +0.00000000000000000E+00 +3.00000000000000008E-05 +3.50000000000000033E-02 +0.00000000000000000E+00 +0.00000000000000000E+00 +0.00000000000000000E+00
102   2000  102   0     +1.51206080000000060E+01 +0.00000000000000000E+00 +3.00000000000000008E-05 -3.50000000000000033E-02 +0.00000000000000000E+00 +0.00000000000000000E+00 +0.00000000000000000E+00
102   2000  102   0     +1.51206080000000060E+01 +0.00000000000000000E+00 +3.00000000000000008E-05 +3.50000000000000033E-02 +0.00000000000000000E+00 +0.00000000000000000E+00 +0.00000000000000000E+00
112   2000  112   0     +1.61306080000000058E+01 +0.00000000000000000E+00 +3.00000000000000008E-05 -3.50000000000000033E-02 +0.00000000000000000E+00 +0.00000000000000000E+00 +0.00000000000000000E+00
112   2000  112   0     +1.61306080000000058E+01 +0.00000000000000000E+00 +3.00000000000000008E-05 +3.50000000000000033E-02 +0.00000000000000000E+00 +0.00000000000000000E+00 +0.00000000000000000E+00
114   2000  114   0     +1.67447390000000063E+01 +0.00000000000000000E+00 +3.00000000000000008E-05 -3.50000000000000033E-02 +0.00000000000000000E+00 +0.00000000000000000E+00 +0.00000000000000000E+00
114   2000  114   0     +1.67447390000000063E+01 +0.00000000000000000E+00 +3.00000000000000008E-05 +4.00000000000000008E-02 +0.00000000000000000E+00 +0.00000000000000000E+00 +0.00000000000000000E+00
123   2000  123   0     +1.79988700000000037E+01 +0.00000000000000000E+00 +3.00000000000000008E-05 -4.29999999999999966E-02 +0.00000000000000000E+00 +0.00000000000000000E+00 +0.00000000000000000E+00
123   2000  123   0     +1.79988700000000037E+01 +0.00000000000000000E+00 +3.00000000000000008E-05 +4.00000000000000008E-02 +0.00000000000000000E+00 +0.00000000000000000E+00 +0.00000000000000000E+00
129   2000  129   0     +1.88288700000000020E+01 +0.00000000000000000E+00 +3.00000000000000008E-05 -4.59999999999999992E-02 +0.00000000000000000E+00 +0.00000000000000000E+00 +0.00000000000000000E+00
129   2000  129   0     +1.88288700000000020E+01 +0.00000000000000000E+00 +3.00000000000000008E-05 +4.09999999999999948E-02 +0.00000000000000000E+00 +0.00000000000000000E+00 +0.00000000000000000E+00
141   2000  141   0     +1.99888699999999986E+01 +0.00000000000000000E+00 +3.00000000000000008E-05 -4.70000000000000001E-02 +0.00000000000000000E+00 +0.00000000000000000E+00 +0.00000000000000000E+00
141   2000  141   0     +1.99888699999999986E+01 +0.00000000000000000E+00 +3.00000000000000008E-05 +4.00000000000000008E-02 +0.00000000000000000E+00 +0.00000000000000000E+00 +0.00000000000000000E+00
143   2000  143   0     +2.04029099999999985E+01 +0.00000000000000000E+00 +3.00000000000000008E-05 -5.00000000000000028E-02 +0.00000000000000000E+00 +0.00000000000000000E+00 +0.00000000000000000E+00
143   690   776   1     +2.04029099999999985E+01 +0.00000000000000000E+00 +3.00000000000000008E-05 +4.24999999999999961E-02 +0.00000000000000000E+00 +0.00000000000000000E+00 +0.00000000000000000E+00
147   2000  147   0     +2.10119499999999988E+01 +0.00000000000000000E+00 +3.00000000000000008E-05 -5.00000000000000028E-02 +0.00000000000000000E+00 +0.00000000000000000E+00 +0.00000000000000000E+00
147   2000  147   0     +2.10119499999999988E+01 +0.00000000000000000E+00 +3.00000000000000008E-05 +5.00000000000000028E-02 +0.00000000000000000E+00 +0.00000000000000000E+00 +0.00000000000000000E+00
167   2000  167   0     +2.59197999999999951E+01 +0.00000000000000000E+00 +3.00000000000000008E-05 -5.00000000000000028E-02 +0.00000000000000000E+00 +0.00000000000000000E+00 +0.00000000000000000E+00
167   2000  167   0     +2.59197999999999951E+01 +0.00000000000000000E+00 +3.00000000000000008E-05 +5.00000000000000028E-02 +0.00000000000000000E+00 +0.00000000000000000E+00 +0.00000000000000000E+00
187   2000  187   0     +3.06776499999999928E+01 +0.00000000000000000E+00 +3.00000000000000008E-05 -5.00000000000000028E-02 +0.00000000000000000E+00 +0.00000000000000000E+00 +0.00000000000000000E+00
187   2000  187   0     +3.06776499999999928E+01 +0.00000000000000000E+00 +3.00000000000000008E-05 +5.00000000000000028E-02 +0.00000000000000000E+00 +0.00000000000000000E+00 +0.00000000000000000E+00
191   2000  191   0     +3.10226499999999916E+01 +0.00000000000000000E+00 +3.00000000000000008E-05 -5.00000000000000028E-02 +0.00000000000000000E+00 +0.00000000000000000E+00 +0.00000000000000000E+00
191   2000  191   0     +3.10226499999999916E+01 +0.00000000000000000E+00 +3.00000000000000008E-05 +5.00000000000000028E-02 +0.00000000000000000E+00 +0.00000000000000000E+00 +0.00000000000000000E+00
193   2000  193   0     +3.14366899999999916E+01 +0.00000000000000000E+00 +3.00000000000000008E-05 -5.00000000000000028E-02 +0.00000000000000000E+00 +0.00000000000000000E+00 +0.00000000000000000E+00
193   2000  193   0     +3.14366899999999916E+01 +0.00000000000000000E+00 +3.00000000000000008E-05 +4.49999999999999983E-02 +0.00000000000000000E+00 +0.00000000000000000E+00 +0.00000000000000000E+00
203   2000  203   0     +3.27607299999999952E+01 +0.00000000000000000E+00 +3.00000000000000008E-05 -4.49999999999999983E-02 +0.00000000000000000E+00 +0.00000000000000000E+00 +0.00000000000000000E+00
203   2000  203   0     +3.27607299999999952E+01 +0.00000000000000000E+00 +3.00000000000000008E-05 +3.50000000000000033E-02 +0.00000000000000000E+00 +0.00000000000000000E+00 +0.00000000000000000E+00
209   2000  209   0     +3.35907299999999935E+01 +0.00000000000000000E+00 +3.00000000000000008E-05 -4.49999999999999983E-02 +0.00000000000000000E+00 +0.00000000000000000E+00 +0.00000000000000000E+00
209   2000  209   0     +3.35907299999999935E+01 +0.00000000000000000E+00 +3.00000000000000008E-05 +3.50000000000000033E-02 +0.00000000000000000E+00 +0.00000000000000000E+00 +0.00000000000000000E+00
220   2000  220   0     +3.44807299999999941E+01 +0.00000000000000000E+00 +3.00000000000000008E-05 -4.29999999999999966E-02 +0.00000000000000000E+00 +0.00000000000000000E+00 +0.00000000000000000E+00
220   2000  220   0     +3.44807299999999941E+01 +0.00000000000000000E+00 +3.00000000000000008E-05 +3.50000000000000033E-02 +0.00000000000000000E+00 +0.00000000000000000E+00 +0.00000000000000000E+00
222   2000  222   0     +3.50948609999999945E+01 +0.00000000000000000E+00 +3.00000000000000008E-05 -3.50000000000000033E-02 +0.00000000000000000E+00 +0.00000000000000000E+00 +0.00000000000000000E+00
222   2000  222   0     +3.50948609999999945E+01 +0.00000000000000000E+00 +3.00000000000000008E-05 +3.50000000000000033E-02 +0.00000000000000000E+00 +0.00000000000000000E+00 +0.00000000000000000E+00
231   2000  231   0     +3.64689919999999930E+01 +0.00000000000000000E+00 +3.00000000000000008E-05 -3.50000000000000033E-02 +0.00000000000000000E+00 +0.00000000000000000E+00 +0.00000000000000000E+00
231   2000  231   0     +3.64689919999999930E+01 +0.00000000000000000E+00 +3.00000000000000008E-05 +3.50000000000000033E-02 +0.00000000000000000E+00 +0.00000000000000000E+00 +0.00000000000000000E+00
237   2000  237   0     +3.72989919999999913E+01 +0.00000000000000000E+00 +3.00000000000000008E-05 -3.50000000000000033E-02 +0.00000000000000000E+00 +0.00000000000000000E+00 +0.00000000000000000E+00
237   2000  237   0     +3.72989919999999913E+01 +0.00000000000000000E+00 +3.00000000000000008E-05 +3.50000000000000033E-02 +0.00000000000000000E+00 +0.00000000000000000E+00 +0.00000000000000000E+00
246   2000  246   0     +3.82589919999999850E+01 +0.00000000000000000E+00 +3.00000000000000008E-05 -3.50000000000000033E-02 +0.00000000000000000E+00 +0.00000000000000000E+00 +0.00000000000000000E+00
246   2000  246   0     +3.82589919999999850E+01 +0.00000000000000000E+00 +3.00000000000000008E-05 +4.00000000000000008E-02 +0.00000000000000000E+00 +0.00000000000000000E+00 +0.00000000000000000E+00
248   2000  248   0     +3.84729974999999840E+01 +0.00000000000000000E+00 +3.00000000000000008E-05 -4.75000000000000006E-02 +0.00000000000000000E+00 +0.00000000000000000E+00 +0.00000000000000000E+00
248   2000  248   0     +3.84729974999999840E+01 +0.00000000000000000E+00 +3.00000000000000008E-05 +4.49999999999999983E-02 +0.00000000000000000E+00 +0.00000000000000000E+00 +0.00000000000000000E+00
250   2000  250   0     +3.88170029999999855E+01 +0.00000000000000000E+00 +3.00000000000000008E-05 -5.00000000000000028E-02 +0.00000000000000000E+00 +0.00000000000000000E+00 +0.00000000000000000E+00
250   2000  250   0     +3.88170029999999855E+01 +0.00000000000000000E+00 +3.00000000000000008E-05 +5.00000000000000028E-02 +0.00000000000000000E+00 +0.00000000000000000E+00 +0.00000000000000000E+00
252   2000  252   0     +3.88796999999999855E+01 +0.00000000000000000E+00 +3.00000000000000008E-05 -5.00000000000000028E-02 +0.00000000000000000E+00 +0.00000000000000000E+00 +0.00000000000000000E+00
252   2000  252   0     +3.88796999999999855E+01 +0.00000000000000000E+00 +3.00000000000000008E-05 +5.00000000000000028E-02 +0.00000000000000000E+00 +0.00000000000000000E+00 +0.00000000000000000E+00
254   2000  254   0     +3.90723969999999881E+01 +0.00000000000000000E+00 +3.00000000000000008E-05 -5.00000000000000028E-02 +0.00000000000000000E+00 +0.00000000000000000E+00 +0.00000000000000000E+00
254   2000  254   0     +3.90723969999999881E+01 +0.00000000000000000E+00 +3.00000000000000008E-05 +5.00000000000000028E-02 +0.00000000000000000E+00 +0.00000000000000000E+00 +0.00000000000000000E+00
256   2000  256   0     +3.92864024999999870E+01 +0.00000000000000000E+00 +3.00000000000000008E-05 -5.00000000000000028E-02 +0.00000000000000000E+00 +0.00000000000000000E+00 +0.00000000000000000E+00
256   2000  256   0     +3.92864024999999870E+01 +0.00000000000000000E+00 +3.00000000000000008E-05 +4.70000000000000001E-02 +0.00000000000000000E+00 +0.00000000000000000E+00 +0.00000000000000000E+00
262   993   165   2     +4.02104079999999797E+01 +0.00000000000000000E+00 +3.00000000000000008E-05 -4.49999999999999983E-02 +0.00000000000000000E+00 +0.00000000000000000E+00 +0.00000000000000000E+00
262   2000  262   0     +4.02104079999999797E+01 +0.00000000000000000E+00 +3.00000000000000008E-05 +3.50000000000000033E-02 +0.00000000000000000E+00 +0.00000000000000000E+00 +0.00000000000000000E+00
268   2000  268   0     +4.10404079999999780E+01 +0.00000000000000000E+00 +3.00000000000000008E-05 -4.54999999999999988E-02 +0.00000000000000000E+00 +0.00000000000000000E+00 +0.00000000000000000E+00
268   2000  268   0     +4.10404079999999780E+01 +0.00000000000000000E+00 +3.00000000000000008E-05 +3.50000000000000033E-02 +0.00000000000000000E+00 +0.00000000000000000E+00 +0.00000000000000000E+00
278   2000  278   0     +4.20504079999999760E+01 +0.00000000000000000E+00 +3.00000000000000008E-05 -4.59999999999999992E-02 +0.00000000000000000E+00 +0.00000000000000000E+00 +0.00000000000000000E+00
278   2000  278   0     +4.20504079999999760E+01 +0.00000000000000000E+00 +3.00000000000000008E-05 +3.25000000000000011E-02 +0.00000000000000000E+00 +0.00000000000000000E+00 +0.00000000000000000E+00
280   2000  280   0     +4.26645389999999765E+01 +0.00000000000000000E+00 +3.00000000000000008E-05 -4.00000000000000008E-02 +0.00000000000000000E+00 +0.00000000000000000E+00 +0.00000000000000000E+00
280   2000  280   0     +4.26645389999999765E+01 +0.00000000000000000E+00 +3.00000000000000008E-05 +2.99999999999999989E-02 +0.00000000000000000E+00 +0.00000000000000000E+00 +0.00000000000000000E+00
289   2000  289   0     +4.39186699999999774E+01 +0.00000000000000000E+00 +3.00000000000000008E-05 -3.79999999999999991E-02 +0.00000000000000000E+00 +0.00000000000000000E+00 +0.00000000000000000E+00
289   2000  289   0     +4.39186699999999774E+01 +0.00000000000000000E+00 +3.00000000000000008E-05 +3.25000000000000011E-02 +0.00000000000000000E+00 +0.00000000000000000E+00 +0.00000000000000000E+00
295   2000  295   0     +4.47486699999999757E+01 +0.00000000000000000E+00 +3.00000000000000008E-05 -3.79999999999999991E-02 +0.00000000000000000E+00 +0.00000000000000000E+00 +0.00000000000000000E+00
295   2000  295   0     +4.47486699999999757E+01 +0.00000000000000000E+00 +3.00000000000000008E-05 +3.30000000000000016E-02 +0.00000000000000000E+00 +0.00000000000000000E+00 +0.00000000000000000E+00
307   2000  307   0     +4.59086699999999723E+01 +0.00000000000000000E+00 +3.00000000000000008E-05 -3.50000000000000033E-02 +0.00000000000000000E+00 +0.00000000000000000E+00 +0.00000000000000000E+00
307   2000  307   0     +4.59086699999999723E+01 +0.00000000000000000E+00 +3.00000000000000008E-05 +3.25000000000000011E-02 +0.00000000000000000E+00 +0.00000000000000000E+00 +0.00000000000000000E+00
309   2000  309   0     +4.63227099999999723E+01 +0.00000000000000000E+00 +3.00000000000000008E-05 -4.54999999999999988E-02 +0.00000000000000000E+00 +0.00000000000000000E+00 +0.00000000000000000E+00
309   2000  309   0     +4.63227099999999723E+01 +0.00000000000000000E+00 +3.00000000000000008E-05 +3.50000000000000033E-02 +0.00000000000000000E+00 +0.00000000000000000E+00 +0.00000000000000000E+00
313   2000  313   0     +4.69317499999999725E+01 +0.00000000000000000E+00 +3.00000000000000008E-05 -5.00000000000000028E-02 +0.00000000000000000E+00 +0.00000000000000000E+00 +0.00000000000000000E+00
313   2000  313   0     +4.69317499999999725E+01 +0.00000000000000000E+00 +3.00000000000000008E-05 +5.00000000000000028E-02 +0.00000000000000000E+00 +0.00000000000000000E+00 +0.00000000000000000E+00
330   2000  330   0     +5.18395999999999617E+01 +0.00000000000000000E+00 +3.00000000000000008E-05 -5.00000000000000028E-02 +0.00000000000000000E+00 +0.00000000000000000E+00 +0.00000000000000000E+00
330   2000  330   0     +5.18395999999999617E+01 +0.00000000000000000E+00 +3.00000000000000008E-05 +5.00000000000000028E-02 +0.00000000000000000E+00 +0.00000000000000000E+00 +0.00000000000000000E+00
